96
-0.1 0 0.1
-0.1 0 0
-0.1 0 -0.1
-0.1 0 -0.2
-0.1 0.1 0.1
-0.1 0.1 0
-0.1 0.1 -0.1
-0.1 0.1 -0.2
-0.1 0.2 0.1
-0.1 0.2 -0.2
-0.1 0.3 0.1
-0.1 0.3 -0.2
0.1 0 0
0.1 0 -0.1
0.1 0.1 0
0.1 0.1 -0.1
0 0.2 0
0 0.2 -0.1
0 0.3 0
0 0.3 -0.1
0.2 0 0.1
0.2 0 -0.2
0.2 0.1 0.1
0.2 0.1 -0.2
0.2 0.2 0.1
0.2 0.2 0
0.2 0.2 -0.1
0.2 0.2 -0.2
0.2 0.3 0.1
0.2 0.3 0
0.2 0.3 -0.1
0.2 0.3 -0.2
-0.1 0 0.1
-0.1 0.1 0.1
-0.1 0.2 0.1
-0.1 0.3 0.1
0.2 0 0.1
0.2 0.1 0.1
0.2 0.2 0.1
0.2 0.3 0.1
-0.1 0 -0.1
-0.1 0.1 -0.1
0 0.2 -0.1
0 0.3 -0.1
0.1 0 -0.1
0.1 0.1 -0.1
0.2 0.2 -0.1
0.2 0.3 -0.1
-0.1 0 0
-0.1 0.1 0
0 0.2 0
0 0.3 0
0.1 0 0
0.1 0.1 0
0.2 0.2 0
0.2 0.3 0
-0.1 0 -0.2
-0.1 0.1 -0.2
-0.1 0.2 -0.2
-0.1 0.3 -0.2
0.2 0 -0.2
0.2 0.1 -0.2
0.2 0.2 -0.2
0.2 0.3 -0.2
-0.1 0 0.1
0.2 0 0.1
-0.1 0 0
0.1 0 0
-0.1 0 -0.1
0.1 0 -0.1
-0.1 0 -0.2
0.2 0 -0.2
-0.1 0.2 0.1
0.2 0.2 0.1
0 0.2 0
0.2 0.2 0
0 0.2 -0.1
0.2 0.2 -0.1
-0.1 0.2 -0.2
0.2 0.2 -0.2
-0.1 0.1 0.1
0.2 0.1 0.1
-0.1 0.1 0
0.1 0.1 0
-0.1 0.1 -0.1
0.1 0.1 -0.1
-0.1 0.1 -0.2
0.2 0.1 -0.2
-0.1 0.3 0.1
0.2 0.3 0.1
0 0.3 0
0.2 0.3 0
0 0.3 -0.1
0.2 0.3 -0.1
-0.1 0.3 -0.2
0.2 0.3 -0.2
96
0.330078 0
0.330078 1
0 1
0 0
0.330078 0
0.330078 1
0 1
0 0
0.330078 0
0.330078 1
0 1
0 0
0.330078 0
0.330078 1
0 1
0 0
0.330078 0
0.330078 1
0 1
0 0
0.330078 0
0.330078 1
0 1
0 0
0.330078 0
0.330078 1
0 1
0 0
0.330078 0
0.330078 1
0 1
0 0
0.330078 0
0.330078 1
0 1
0 0
0.330078 0
0.330078 1
0 1
0 0
0.330078 0
0.330078 1
0 1
0 0
0.330078 0
0.330078 1
0 1
0 0
0.330078 0
0.330078 1
0 1
0 0
0.330078 0
0.330078 1
0 1
0 0
0.330078 0
0.330078 1
0 1
0 0
0.330078 0
0.330078 1
0 1
0 0
0.330078 0
0.330078 1
0 1
0 0
0.330078 0
0.330078 1
0 1
0 0
0.330078 0
0.330078 1
0 1
0 0
0.330078 0
0.330078 1
0 1
0 0
0.330078 0
0.330078 1
0 1
0 0
0.330078 0
0.330078 1
0 1
0 0
0.330078 0
0.330078 1
0 1
0 0
0.330078 0
0.330078 1
0 1
0 0
96
-1 0 0
-1 0 0
-1 0 0
-1 0 0
-1 0 0
-1 0 0
-1 0 0
-1 0 0
-1 0 0
-1 0 0
-1 0 0
-1 0 0
-1 0 0
-1 0 0
-1 0 0
-1 0 0
1 0 0
1 0 0
1 0 0
1 0 0
1 0 0
1 0 0
1 0 0
1 0 0
1 0 0
1 0 0
1 0 0
1 0 0
1 0 0
1 0 0
1 0 0
1 0 0
0 0 1
0 0 1
0 0 1
0 0 1
0 0 1
0 0 1
0 0 1
0 0 1
0 0 1
0 0 1
0 0 1
0 0 1
0 0 1
0 0 1
0 0 1
0 0 1
0 0 -1
0 0 -1
0 0 -1
0 0 -1
0 0 -1
0 0 -1
0 0 -1
0 0 -1
0 0 -1
0 0 -1
0 0 -1
0 0 -1
0 0 -1
0 0 -1
0 0 -1
0 0 -1
0 -1 0
0 -1 0
0 -1 0
0 -1 0
0 -1 0
0 -1 0
0 -1 0
0 -1 0
0 -1 0
0 -1 0
0 -1 0
0 -1 0
0 -1 0
0 -1 0
0 -1 0
0 -1 0
0 1 0
0 1 0
0 1 0
0 1 0
0 1 0
0 1 0
0 1 0
0 1 0
0 1 0
0 1 0
0 1 0
0 1 0
0 1 0
0 1 0
0 1 0
0 1 0
167
5 2 1
6 2 5
7 4 3
8 4 7
11 10 9
12 10 11
15 14 13
16 14 15
17 18 19
19 18 20
21 22 23
23 22 24
25 26 29
29 26 30
27 28 31
31 28 32
37 34 33
38 34 37
39 36 35
40 36 39
45 42 41
46 42 45
47 44 43
48 44 47
49 50 53
53 50 54
51 52 55
55 52 56
57 58 61
61 58 62
59 60 63
63 60 64
67 66 65
68 66 67
70 66 68
71 70 69
72 66 70
72 70 71
75 74 73
76 74 75
77 75 73
79 77 73
79 78 77
80 78 79
81 82 83
83 82 84
84 82 86
85 86 87
86 82 88
87 86 88
89 90 91
91 90 92
89 91 93
89 93 95
93 94 95
95 94 96