160
3 3 3		t f
0 3 3
0 2 3
3 2 3
0 3 3		l f
0 0 3
1 0 3
1 3 3
3 3 3		r f
2 3 3
2 0 3
3 0 3
3 0 3		b f
3 1 3
0 1 3
0 0 3
3 3 0		t r
3 3 3
3 2 3
3 2 0
3 3 3		l r
3 0 3
3 0 2
3 3 2
3 3 0		r r
3 3 1
3 0 1
3 0 0
3 0 0		b r
3 1 0
3 1 3
3 0 3
0 3 3		t l
0 3 0
0 2 0
0 2 3
0 3 2		l l
0 0 2
0 0 3
0 3 3
0 3 1		r l
0 3 0
0 0 0
0 0 1
0 0 3		b l
0 1 3
0 1 0
0 0 0
0 3 0		t b
3 3 0
3 2 0
0 2 0
1 3 0		l b
1 0 0
0 0 0
0 3 0
2 3 0		r b
3 3 0
3 0 0
2 0 0
0 0 0		b b
0 1 0
3 1 0
3 0 0
3 3 0		t t
0 3 0
0 3 1
3 3 1
0 3 0		l t
0 3 3
1 3 3
1 3 0
3 3 0		r t
2 3 0
2 3 3
3 3 3
3 3 3		b t
3 3 2
0 3 2
0 3 3
0 0 0		t g
3 0 0
3 0 1
0 0 1
1 0 0		l g
1 0 3
0 0 3
0 0 0
2 0 0		r g
3 0 0
3 0 3
2 0 3
0 0 3		b g
0 0 2
3 0 2
3 0 3
2 2 3		f m
1 2 3
1 2 2
2 2 2
1 3 2
2 3 2
2 2 2
1 2 2
2 1 3
1 1 3
1 1 2
2 1 2
2 0 2
1 0 2
1 1 2
2 1 2
1 2 1		l m
0 2 1
0 2 2
1 2 2
1 3 2
1 3 1
1 2 1
1 2 2
1 1 2
0 1 2
0 1 1
1 1 1
1 0 1
1 0 2
1 1 2
1 1 1
2 2 2		r m
3 2 2
3 2 1
2 2 1
2 3 1
2 3 2
2 2 2
2 2 1
2 1 1
3 1 1
3 1 2
2 1 2
2 0 2
2 0 1
2 1 1
2 1 2
1 2 0		b m
2 2 0
2 2 1
1 2 1
2 3 1
1 3 1
1 2 1
2 2 1
1 1 0
2 1 0
2 1 1
1 1 1
1 0 1
2 0 1
2 1 1
1 1 1
160
0 1
1 1
1 0
0 0
0 1
1 1
1 0
0 0
0 1
1 1
1 0
0 0
0 1
1 1
1 0
0 0
0 1
1 1
1 0
0 0
0 1
1 1
1 0
0 0
0 1
1 1
1 0
0 0
0 1
1 1
1 0
0 0
0 1
1 1
1 0
0 0
0 1
1 1
1 0
0 0
0 1
1 1
1 0
0 0
0 1
1 1
1 0
0 0
0 1
1 1
1 0
0 0
0 1
1 1
1 0
0 0
0 1
1 1
1 0
0 0
0 1
1 1
1 0
0 0
0 1
1 1
1 0
0 0
0 1
1 1
1 0
0 0
0 1
1 1
1 0
0 0
0 1
1 1
1 0
0 0
0 1
1 1
1 0
0 0
0 1
1 1
1 0
0 0
0 1
1 1
1 0
0 0
0 1
1 1
1 0
0 0
0 1
1 1
1 0
0 0
0 1
1 1
1 0
0 0
0 1
1 1
1 0
0 0
0 1
1 1
1 0
0 0
0 1
1 1
1 0
0 0
0 1
1 1
1 0
0 0
0 1
1 1
1 0
0 0
0 1
1 1
1 0
0 0
0 1
1 1
1 0
0 0
0 1
1 1
1 0
0 0
0 1
1 1
1 0
0 0
0 1
1 1
1 0
0 0
0 1
1 1
1 0
0 0
0 1
1 1
1 0
0 0
0 1
1 1
1 0
0 0
0 1
1 1
1 0
0 0
160
0 0 1
0 0 1
0 0 1
0 0 1
0 0 1
0 0 1
0 0 1
0 0 1
0 0 1
0 0 1
0 0 1
0 0 1
0 0 1
0 0 1
0 0 1
0 0 1
1 0 0
1 0 0
1 0 0
1 0 0
1 0 0
1 0 0
1 0 0
1 0 0
1 0 0
1 0 0
1 0 0
1 0 0
1 0 0
1 0 0
1 0 0
1 0 0
-1 0 0
-1 0 0
-1 0 0
-1 0 0
-1 0 0
-1 0 0
-1 0 0
-1 0 0
-1 0 0
-1 0 0
-1 0 0
-1 0 0
-1 0 0
-1 0 0
-1 0 0
-1 0 0
0 0 -1
0 0 -1
0 0 -1
0 0 -1
0 0 -1
0 0 -1
0 0 -1
0 0 -1
0 0 -1
0 0 -1
0 0 -1
0 0 -1
0 0 -1
0 0 -1
0 0 -1
0 0 -1
0 1 0
0 1 0
0 1 0
0 1 0
0 1 0
0 1 0
0 1 0
0 1 0
0 1 0
0 1 0
0 1 0
0 1 0
0 1 0
0 1 0
0 1 0
0 1 0
0 -1 0
0 -1 0
0 -1 0
0 -1 0
0 -1 0
0 -1 0
0 -1 0
0 -1 0
0 -1 0
0 -1 0
0 -1 0
0 -1 0
0 -1 0
0 -1 0
0 -1 0
0 -1 0

0 -1 0
0 0 -1