24
500 500 500
-500 500 500
-500-500 500
500-500 500
500 500 500
500-500 500
500-500-500
500 500-500
500 500 500
500 500-500
-500 500-500
-500 500 500
-500 500 500
-500 500-500
-500-500-500
-500-500 500
-500-500-500
500-500-500
500-500 500
-500-500 500
500-500-500 
-500-500-500
-500 500-500  
500 500-500
24
0.75 0.6635
0.5 0.6635
0.5 0.34
0.75 0.34

0.75 0.6635
0.75 0.34
1 0.34
1 0.6635

0.4998 1
0.2502 1
0.2502 0.663
0.4998 0.663

0.5 0.6635
0.25 0.6635
0.25 0.34
0.5 0.34

0.5 0
0.5 0.34
0.25 0.34
0.25 0

0 0.34
0.25 0.34
0.25 0.6635
0 0.6635
24
0 0 1
0 0 1
0 0 1
0 0 1
1 0 0
1 0 0
1 0 0
1 0 0
0 1 0
0 1 0
0 1 0
0 1 0
-1 0 0  
-1 0 0  
-1 0 0  
-1 0 0
0-1 0
0-1 0
0-1 0
0-1 0
0 0-1
0 0-1
0 0-1
0 0-1
36
0 1 2
2 3 0
4 5 6
6 7 4
8 9 10
10 11 8
12 13 14
14 15 12
16 17 18
18 19 16
20 21 22
22 23 20